--------------------------Simple 
025802
05378
003082
105050030301
00870111
00870112
00870311
00871111
00871311
0531812
0531813
0531814
052361250
025801
0538530
3124691021
055263330
059671
059672
059673
059681
059683
059712
059713
059721
059722
059723
059724
05723053
05723101
05724071
05724073
05724091
06046211
06046232
06046153
06046292
060612
060631
060632
060633
060693
061003
057780301
057810101
057810201
057810301
057810401
0701521
0701541
0590351
0595032
061492411
0615141
0615142
0615152
062632421
062782188
062782192
062781288
062781292
062842192
062842292
062901
062902
0631521
0631561
0631571
0631573
0631581
0631583
0631591
06315101
06315103
0632232
0721611
0721612
0721621
0721622
0721631
0721632
0800211
0800212
0800213
0802451
0802461
0802462
0802471
0802482
0802491
0802492
08024101
08024102
08039L
08057S
08057M
00419
24662A
00480
12619
06988
07124
00706
00503
24204A
18687925201
18687924702
18687285201
1868795201
1868795202
1868794701
1868794702
18718PM9471
18718PM9472
0103554
28451010501
74439020501
23757A
6445403
6445404
01211
07410
07601
17535A
061201
061202
061203
061204
061205
061206
061214
0640404
061492421
061492431
06149C411
688698347524
688698347241
688698347531
688698347548
688698347258
688698347265
688698331752
688698305661
688698337433
688698305760
688698305777
688698305784
688698331905
688698331912
688698331929
688698307160
688698307177
688698331769
688698337365
688698337808
688698307139
688698305739
688698305791
688698305746
688698337815
688698337822
688698307146
688698307153
688698337426
688698306958
688698306965
688698337372
688698331813
688698331820
688698331837
688698305678
688698305685
688698305692
688698277395
688698328424
688698328394
688698328400
688698328431
688698328417
688698328448
688698280883
688698280876
688698280890
688698280807
688698280814
688698280821
059701
059702
059703
060641
060643
688698249033
688698249040
688698249057
688698249064
688698249071
688698249088
688698248838
688698248845
688698248852
688698248869
688698248876
688698248883
688698249118
688698249125
688698249132
688698249149
688698249156
688698249163
688698249170
688698249187
688698249019
688698248937
688698248944
688698248951
688698248968
688698248975
688698248982
688698334326
688698334234
688698334333
688698334241
688698334258
888600810560
888600810577
888600807188
888600807195
888600807119
888600807157
888600714653
888600714660
888600714677
888600714684
888600807089
888600807096
888600740300
888600740317
888600693798
888600693767
888600694214
888600693750
888600693774
888600693811
888600693804
888600693828
888600694221
888600693835
888600694238
888600693842
888600694245
888600694870
888600695518
888600694887
888600695525
888600694894
888600695532
888600694900
888600695549
888600694917
888600695556
888600694924
888600695563
888600694931
888600695570
888600694948
888600695587
888600694955
888600695594
888600694962
888600694979
688698116519
688698116526
688698116540
680680626235
888600693781
164932
164931
888600309422
888600309415
888600309408
688698206906
688698206913
688698206920
688698140941
688698140934
688698140590
688698140927
688698140606
888600712499
888600704241
888600718644
888600718620
888600712482
888600712475
888600712505
888600750989
888600711775
888600751016
888600750996
888600751030
888600711805
888600751061
888600751047
888600751085
888600711850
888600711836
888600751115
888600751092
888600751122
01101
01102
060691
061001
0640406
0685331
01134
01135
680680792244
680680792213
680680792251
680680792220
680680792237
680680792206
0787042
0787031
0787041
079452621
0795321
0795322
0795331
0795342
0794831
0794841
0795011
0795012
0795021
0795022
0795211
0795221
0795231
0795311
8622725402
8622726402
0103530
0103510
18460038501
18460888502
18687925202
1871888472
19137010201
19137010301
003084
0035801
0035802
0033712
0033733
0033734
0063307
00508
006051
105050080301
105050080302
00871112
00871211
009381
0531811
0538532
0563555D
0589511
0589513
0589522
0589523
0589531
0589532
0589534
0589543
0589544
059711
0531823
06041S
06041XL
06041XXL
060413XL
06046161
060611
060614
060642
061002
057780101
057780201
057810501
0701531
0701611
0701621
0701631
0701641
0701651
0701661
0590321
0590361
0590421
0590431
0590441
0590451
0590461
0590511
0590521
0590531
0590541
0590551
0590561
059080101
059080201
059080301
059080401
059080501
059080601
059110401
059110501
059110601
0591941
0595012
0595022
06118
061211
061213
0615132
06216
062781192
062841192
062841288
062842188
0631551
0632211
0632213
0632221
0632222
0632223
0632233
0640401
0640402
0640403
0640405
064071
064072
064073
0685311
0685371
0686030816
0705741
07085
9K PANT BLACK LG
07262
0701612
0701622
0701632
0701642
0701662
07336
0743415
0743416
0745922
07571
076232
07633
0772903
077301
077302
077303
RFPBP12SY-1
0787012
0787032
078712
078713
078714
078715
0794241
0794921
0795031
0795131
0795132
0795141
0795142
0795151
0795152
0795312
0795332
0795341
0802472
12701B
36924030101
28451010502
222643301
74439020301
28457020501
20982024819
20982034802
20982034822
20982034829
20982034837
20982034855
20982034864
20982034874
20982044811
20982044838
20982064839
28385020802
28687010501
28381020301
6445401
6293430
01165
01182
01188
01345
01386
01822
01870
01869
01877
01891
01941
01974
DJ5252
DJ5500U
DJ5500
DJ5410
DJ5200P
DJ5200
DJ5400
DJ2802
FS2450
FS2430
FS2451
DJ2803
DJ5852
FS2440
DJ5452
FS2441
FS2800
FS2452
FS2453
02075
02100
02111
02224
02361
02371
02478
022274
022276
022284
022286
0222910
022295
022296
022298
02583
02629
083321541360
083321541377
083321541421
083321541438
083321541452
083321541469
083321541476
083321541483
083321541490
083321541506
0265761
0265741
0265753
0265751
0265742
0265731
0265722
0265721
0265711
0265762
0265733
0265781
0265763
0265771
0265772
026871
026872
026881
026882
026883
688698168457
688698168464
0248942
0248921
0248922
0248911
020611
020612
020621
0241816
0241817
024183
024184
024185
024186
024189
0241812
0024421
0024422
02558581
02558591
02558621
02558631
02558641
02559BK
025589201
025589561
025589581
020622
022273
022288
07924551
0080325
0080331
0080333
0248912
0033745
0214147181
0214147141
0214147581
0214147341
0214147121
024531
024532
0248932
0248941
024841
0222810
022293
022297
022391
022392
0792471
07924751
0792481
025589601
025590201
025590261
025590521
0779427
0779428
0779431
0779433
023831
023832
023833
023834
0239021
0239031
023962
025542
025543
025544
02558671
023101
024171
024172
0241710
0241711
0241712
024173
024174
024175
024177
024178
024179
024181
024182
0241813
0241815
022393
022394
022395
022396
0223911
0044139M46
0044139M810
004413SK67
021901
021902
021904
004423DD67
004423DD1012
004423T167
0214146581
0214147781
02141471
021414651
0214146751
0214146381
0241311
0241321
0241331
0241341
0243933
0243932
0213411
0213421
0213412
0213422
0213811
0213861
0213812
0213822
0213842
0213852
0213862
0213911
0213941
0213951
0213952
0213962
0213972
0214011
0214021
0214211
0214221
0022001
00089674521
02667
01348
02118
BAUER SUPREME 160 8EE
01341
888600282589
888600281964
888600281971
888600281926
628412225028
628412225165
628412225080
628412225103
628412223284
628412223345
628412223925
628412190883
628412224380
628412224441
628412224601
628412224663
628412224724
628412224885
85925940426
887768717957
887768717971
083321529337
083321529290
083321529306
083321529313
083321529320
083321531767
083321221590
0276734
0276832
0276833
0276834
0276932
0276933
0277030
0277031
0277032
0277033
0276529
0276530
0276531
0276532
0276628
0276629
0276630
0276631
0276632
027771
027772
027761
027762
027763
028138
028137
028136
028135
028134
028133
028132
028131
628412224847
628412224564
028441
028442
028451
028452
028471
028472
028632911
028633011
028633111
0286411
0286511
0286711
0286811
028632311
0286931
0287036
0287132
0287133
0287232
0287233
028761
028762
0288631
0288632
0288633
02886335
0288826
0288828
0288829
0288830
0288830.5
028863126
02948
0300
02893111
030011
030012
030013
020561
020562
020563
191520270193
191520268817
191520270681
191520270698
191520272067
191520268824
191520264369
191520264376
191520264383
191520264390
03009
688698319927
688698319934
688698360981
688698360998
688698319941
03035
191520262815
191520262822
191520262839
03037
191520007737
191520007744
191520007775
191520007782
688698297553
688698169362
688698297546
688698168440
688698169355
688698297560
030352
030353
688698382167
688698382273
688698382280
688698382297
688698382303
191520263874
191520269173
191520269333
191520269210
191520271329
191520271282
191520271046
191520271206
191520269456
191520269418
191520271084
191520257736
191520257675
191520257699
191520257705
191520257453
191520257460
191520257613
191520257620
191520257507
191520257606
191520257682
01180
01932
16753024
16753023
07374
09013RDXL
078441
078442
078443
078445
0033754
0214146791
0213611
0213621
0213631
0213821
0213831
0213841
0213851
0213832
0213921
0213931
0213961
0213971
0213912
0213922
0213932
0213942
02401
0219111
0219211
0219311
0021731
0021732
0021733
023446
023456
022671
022672
022673
022674
022675
022679
022681
022682
022683
022685
022686
022691
022692
022693
022694
022695
0080324
021903
0219911
0221011
0221021
0221031
0221041
0221051
0221061
02212311
022275
022277
022278
022279
0222710
022283
022285
022287
022289
022294
022299
0254231
0254241
022397
022398
0254251
0782910124F
0213641
0213651
0286721
0286821
0286011
0286012
0286021
0286022
0286031
0286032
0286041
0286042
0286111
0286112
0286121
0286122
0286131
0286132
0286141
0286142
0286071
0286072
745492992517
01329
01968
01826
078331214RQ
688698359435
688698359442
688698359459
09013RDM
16753025
025539
025538
025537
025536
025535
025533
025532
025531
0288011
0288021
0288031
0288041
078711
0214147381
02352L
0287311
0287312
0287321
0287322
0287331
0287332
0287411
022261
0227717
0287421
0287431
0227715
02277213
02277212
02277211
02277210
0227729
0227728
0227727
0227726
0227725
0227722
02277313
02277312
0227738
0227737
0227736
022781
02279110
0227919
0227916
02279211
02279210
0227929
0227928
0227927
0227926
02280113
02280112
02280111
0228016
02280213
02280211
0228027
0228026
0228038
0228036
02141481
025541
025545
025546
16753022
02280412
02280411
0228048
0228047
0228046
02280214
02280314
023961
02481311
02481331
02558261
02558561
02558601
025589151
025589251
08097S
08097J
025590301
025589301
025589261
025589591
0255331
0255332
0255321
0255311
0255312
02553102
0247111
0247121
0247131
0247141
024721
02306B1
0230717
0230716
0230715
0230714
0241811
0241814
02305G1
024176
024187
024188
0241810
0230711
0230725
0230817
0230816
0230811
0230827
0230826
0230825
0615133
02255
080707
080708
080709
0230823
023091
02307210
023111
023121
023151
023141
0223910
0214146781
0779429
0265511
0265512
0265521
0265522
0265531
0265532
0265611
0265612
0265621
0265622
0265631
0265632
0265641
0265642
0265712
0265732
0265743
0241351
0779430
0779432
00089674522
00089674525
0800214
080711
080712
09013RDS
0248931
0792452
02558251
025590581
0255391
0255392
0255381
0255382
0255372
0255361
0255362
0255351
0255352
0255341
0255342
0802431
0802441
0802481
0253831
0253841
022818
022815
022814
022812
022831
022841
022842
022843
022844
0044234Q1012
004423PN810
02277110
0227719
0227718
0243931
0772904
0221081
0221091
024731
024741
024751
024761
027711
027712
02482411
02482412
0277811
0277821
0277831
027811
027812
027841
028041
028042
028043
028044
028045
028046
0280785
028079
0802411
0802421
0794911
0278211
0278212
0278221
0278222
0430211
0440311
0440322
0440333
02012810
020128875
0201289
020128925
02012895
020128975
02012610
0201269
12724
0440324
090133321
090133311
090133331
090133351
308341
083321302367
888600283524
888600283517
888600283531
888600283548
050386000156
888600268583
888600268576
888600281933
888600281940
83321617843
83321617836
83321617829
83321617812
83321541483
83321541476
83321541469
83321613340
628412269534
078914007750
083321600944
083321670732
688698415476
191520294274
191520294298
191520294304
191520294281
191520032258
191520028060
191520028107
191520028046
191520032241
191520028077
191520032296
191520028145
191520028053
191520032272
191520032289
191520028138
191520028121
191520028084
191520028091
191520032265
191520032234
191520028114
191520156770
191520156725
191520156732
191520156756
191520156701
191520156763
191520156718
191520156664
191520156749
191520156787
191520156688
191520156695
688698439854
688698439847
688698439830
688698439823
688698439816
688698439809
688698439731
688698439724
688698439717
688698439793
688698439786
688698439779
688698439762
688698439755
688698439748
688698428575
688698428568
688698428551
688698428544
688698428537
688698428520
688698428513
688698428506
688698428490
688698428483
688698428476
688698428469
688698421040
688698421064
688698421149
688698421231
688698421248
688698421293
688698421309
40007
40037
191520084462
191520084479
191520084486
191520084493
191520152437
191520152444
191520084387
191520084394
191520084400
191520084417
191520152413
191520152420
191520083762
0003504
0003503
000350012
000350011
688698307986
40188
40210
40244
40300
813400201
2150301
40583
004457146
00445711
00430213
00430212
00430211
052931899673
052931899659
052931900270
052931900294
052931899666
052931899642
052931899512
191520207380
191520207397
191520207403
191520207410
191520207427
191520207434
191520285982
191520286002
191520351199
02871342
02871332
02871331
02871322
02871321
02871311
688698439908
02871341
02871312
020126975
02012695
020126925
41344
0590332
0590342
0590352
0590412
0590522
10570682




-- Config items


000350
0008967452
002173
002200
002442
00308
00337
00358
004302
004413
004423
004457
00605
00633
00803
00870
00871
00938
01035
020126
020128
02056
02061
02062
02134
02136
02138
02139
02140
021414
02142
02190
02191
02192
02193
02199
02210
022123
02226
02227
02228
02229
02239
02267
02268
02269
02277
02278
02279
02280
02281
02283
02284
02305
02306
02307
02308
02309
02310
02311
02312
02314
02315
02344
02345
02352
02383
02390
02396
02413
02417
02418
024393
02453
02471
02472
02473
02474
02475
02476
024813
024824
02484
02489
02538
02542
02553
02554
02558
025589
02559
025590
02580
02655
02656
02657
02687
02688
02765
02766
02767
02768
02769
02770
02771
02776
02777
02778
02781
02782
02783
02784
02804
02807
02813
02844
02845
02847
02860
02861
02863
02864
02865
02867
02868
02869
02870
02871
02872
02873
02874
02876
02880
02886
02888
02893
03001
04302
04403
05236
052931
0529318
05318
05385
05526
05635
05723
05724
05778
05781
05895
05903
05904
05905
05908
05911
05919
05950
05967
05968
05970
05971
05972
06041
06046
06061
06063
06064
06069
06100
061178230804
061178231559
061178240698
061178253759
061178253896
061178260023
061178266797
061178270343
061178277830
061178278370
061178316829
061178317086
061178317208
061178317468
061178317581
061178317888
061178318106
061178323087
061178324718
06120
06121
06149
06151
06263
06278
06284
06290
06315
06322
06404
06407
06853
06860
07015
07016
07057
07216
07434
07459
07623
07729
07794
07829
07833
07844
07870
07871
07924
07942
07945
07948
07949
07950
07951
07952
07953
08002
08019
08024
08039
08057
08070
08071
08097
0901333
1038861
1044676
1044677
1047963
1047964
105050
1050634
1050635
1050917
1050947
1050951112
1051452
1052880
1053049
1053088
1053102
1053133
1053137
1053141
1054137
1054152
1054803
1054807
1054978
1056501
1056526
1056528
1056770
1057068
1057165
16493
18460
18687
18718
19137
2026881
2026882
2026883
2026987
2030028
20982
21503
2206223
22264
2343882
2471213
28381
28385
28451
28457
28687
2890934
312469
36924
62934
64454
74439
81340
86227
A130732
A162308
A165396
A165413
A165421
A165425
A165426
A165428
A165429
CSV2A
EP7092JR
FP9V10
HGXPROJ
HPXTRP
HSE5I
HSE5PS
HSRC65IN
HSYSEC30
HSYSEC40
HSYTK320
JRJ5590
LSWTLFPXN19A8
LSWTLFPXN19A9
R13
SKCLAP
SKCLAPJ
SP350
SRJ6666
VCSY
YLNCHSRP
YRTT